FLX0
Packet ids: 2001 2002
Packet: 2001
    Feeids: 3 4 259 260 515 516 8193 8194 8449 8450 8705 8706
Packet: 2002
    Feeids: 5 261 517 8195 8196 8207 8451 8452 8463 8707 8708 8719

FLX1
Packet ids: 2011 2012
Packet: 2011
   Feeids: 4096 4097 4352 4353 4608 4609 8198 8199 8454 8455 8710 8711
Packet: 2012
   Feeids: 4098 4099 4354 4355 4610 4611 8200 8201 8456 8457 8712 8713

FLX2
Packet ids: 2021 2022
Packet: 2021
   Feeids: 0 1 256 257 512 513 4100 4356 4612 8202 8458 8714
Packet: 2022
   Feeids: 2 258 514 4101 4102 4103 4357 4358 4359 4613 4614 4615

FLX3
Packet ids: 2031 2032
Packet: 2031
   Feeids: 9 10 265 266 521 522 8197 8203 8453 8459 8709 8715
Packet: 2032
   Feeids: 11 267 523 8204 8205 8206 8460 8461 8462 8716 8717 8718

FLX4
Packet ids: 2041 2042
Packet: 2041
   Feeids: 6 7 262 263 518 519 4108 4364 4620 8192 8448 8704
Packet: 2042
   Feeids: 8 264 520 4109 4110 4111 4365 4366 4367 4621 4622 4623

FLX5
Packet ids: 2051 2052
Packet: 2051
   Feeids: 4104 4105 4360 4361 4616 4617 8208 8209 8464 8465 8720 8721
Packet: 2052
   Feeids: 4106 4107 4362 4363 4618 4619 8210 8211 8466 8467 8722 8723